15
17
18
19
21
22
23
25
80
81
123
389
443
636
989
990
1433
1499
2022
2122
2222
2375
2376
2380
2480
2483
2484
2638
3000
3001
3020
3306
3389
3500
3999
4000
4100
4200
4243
4244
4444
4500
4505
4506
5000
5001
5004
5005
5037
5432
5500
5601
5666
5667
5672
5800
5900
5984
5999
6000
6082
6379
6653
6660
6661
6662
6663
6664
6665
6666
6667
6668
6669
6888
8000
8001
8002
8005
8008
8080
8089
8081
8123
8139
8140
8172
8222
8333
8443
8889
8983
8999
9000
9001
9006
9042
9050
9051
9092
9200
9500
9800
9999
10050
10051
11211
11214
11215
15672
18091
18092
27017
27018
27019
28015
29015
33848
35357
